4294967294,430
4294967294,1178
134,5
4294967278,328
134,4
134,3
134,2
134,1
4294967278,327
133,5
133,4
133,3
133,2
133,1
132,5
132,4
132,3
132,2
132,1
4294967279,390
131,5
131,4
131,3
131,2
131,1
4294967294,507
130,5
130,4
130,3
130,2
130,1
4294967294,506
129,5
129,4
129,3
129,2
129,1
128,5
128,4
128,3
128,2
128,1
4294967294,505
127,5
127,4
127,3
127,2
127,1
126,5
126,4
126,3
126,2
126,1
4294967294,504
125,5
125,4
125,3
125,2
125,1
4294967294,503
124,5
124,4
124,3
124,2
124,1
4294967294,502
123,5
123,4
123,3
123,2
123,1
122,5
122,4
122,3
122,2
122,1
4294967294,501
121,5
121,4
121,3
121,2
121,1
120,5
120,4
120,3
120,2
120,1
119,5
119,4
119,3
119,2
119,1
118,5
118,4
118,3
118,2
118,1
117,5
117,4
117,3
117,2
117,1
4294967279,389
4294967278,326
4294967294,500
116,5
4294967278,325
116,4
116,3
116,2
116,1
4294967279,388
4294967294,499
115,5
115,4
115,3
115,2
115,1
114,5
114,4
114,3
114,2
114,1
4294967294,498
113,5
113,4
113,3
113,2
113,1
4294967294,497
112,5
112,4
112,3
112,2
112,1
111,5
111,4
111,3
111,2
111,1
110,5
110,4
110,3
110,2
110,1
4294967294,496
109,5
109,4
109,3
109,2
109,1
108,5
108,4
108,3
108,2
108,1
4294967294,495
107,5
107,4
107,3
107,2
107,1
4294967294,494
106,5
106,4
106,3
106,2
106,1
4294967278,324
4294967279,387
4294967294,493
105,5
4294967279,386
105,4
105,3
105,2
105,1
4294967294,492
104,5
104,4
104,3
104,2
104,1
103,5
103,4
103,3
103,2
103,1
4294967294,491
4294967279,385
102,5
102,4
102,3
102,2
102,1
4294967278,323
4294967279,384
4294967278,322
4294967294,490
4294967279,134
4294967278,321
4294967279,287
101,5
101,4
101,3
101,2
101,1
4294967279,261
4294967294,489
100,5
100,4
100,3
100,2
100,1
4294967294,488
99,5
99,4
99,3
99,2
99,1
4294967279,383
4294967278,320
98,5
98,4
98,3
98,2
98,1
4294967294,487
97,5
97,4
97,3
97,2
97,1
4294967294,486
4294967278,288
96,5
96,4
96,3
96,2
96,1
4294967294,485
4294967278,286
95,5
95,4
95,3
95,2
95,1
4294967294,1358
4294967294,484
4294967278,284
94,5
94,4
94,3
94,2
94,1
4294967278,278
93,5
93,4
93,3
93,2
93,1
4294967278,267
92,5
92,4
92,3
92,2
92,1
4294967278,262
4294967279,382
91,5
91,4
91,3
91,2
91,1
4294967278,575
90,5
90,4
90,3
90,2
90,1
4294967278,574
4294967294,483
89,5
89,4
89,3
89,2
89,1
4294967279,381
4294967294,482
88,5
88,4
88,3
88,2
88,1
87,5
87,4
87,3
87,2
87,1
4294967294,481
86,5
4294967278,573
86,4
86,3
86,2
86,1
4294967294,480
85,5
85,4
85,3
85,2
85,1
84,5
84,4
84,3
84,2
84,1
4294967294,479
83,5
4294967278,572
83,4
83,3
83,2
83,1
4294967294,478
82,5
82,4
82,3
82,2
82,1
81,5
81,4
81,3
81,2
81,1
4294967294,477
80,5
80,4
80,3
80,2
80,1
4294967294,476
79,5
79,4
79,3
79,2
79,1
4294967294,475
78,5
78,4
78,3
78,2
78,1
77,5
77,4
77,3
77,2
77,1
76,5
76,4
76,3
76,2
76,1
75,5
75,4
75,3
75,2
75,1
4294967294,474
74,5
74,4
74,3
74,2
74,1
4294967278,571
73,5
73,4
73,3
73,2
73,1
4294967294,473
72,5
72,4
72,3
72,2
72,1
4294967278,570
4294967294,470
4294967279,380
4294967278,569
4294967293,131
4294967293,130
4294967293,129
4294967293,128
4294967293,127
4294967293,126
4294967293,125
4294967293,124
4294967293,123
4294967293,122
4294967293,121
4294967293,120
4294967293,119
4294967293,118
4294967293,117
4294967293,116
4294967293,115
4294967293,114
4294967293,113
4294967293,112
4294967293,111
4294967293,110
4294967293,109
4294967293,108
4294967293,107
4294967293,106
4294967293,105
